============================================================
Model 001 
TP:8716, TN:46897,  FP:22464,  FN:8988
accuracy:0.638753
precision:0.279538
recall:0.492318
f_measure:0.356599
sensitivity:0.492318
specificity:0.676129
error_rate:0.361247
apcer:0.323871
bpcer:0.507682
acer:0.415776
eer:0.389479
TPR@FPR=10E-3:0.046395
TPR@FPR=5E-3:0.038220
TPR@FPR=10E-4:0.015643

