============================================================
Model 001 
TP:19628, TN:37702,  FP:9545,  FN:295
accuracy:0.853506
precision:0.672814
recall:0.985193
f_measure:0.799576
sensitivity:0.985193
specificity:0.797977
error_rate:0.146494
apcer:0.202023
bpcer:0.014807
acer:0.108415
eer:0.077215
hter:0.076668
TPR@FPR=10E-3:0.752429
TPR@FPR=5E-3:0.687620
TPR@FPR=10E-4:0.485237

